OR results: 

Epoch  x1       x2      Yd      w1      w2      Y       e       w1      w2
____________________________________________________________________________
1       0       0       0       -0.1    0       0       0.0     -0.1    0
        0       1       1       -0.1    0       0       1.0     -0.1    0.1
        1       0       1       -0.1    0.1     0       1.0     -0      0.1
        1       1       1       -0      0.1     0       1.0     0.1     0.2
____________________________________________________________________________
Epoch  x1       x2      Yd      w1      w2      Y       e       w1      w2
____________________________________________________________________________
2       0       0       0       0.1     0.2     0       0.0     0.1     0.2
        0       1       1       0.1     0.2     0       1.0     0.1     0.3
        1       0       1       0.1     0.3     0       1.0     0.2     0.3
        1       1       1       0.2     0.3     0       1.0     0.3     0.4
____________________________________________________________________________
Epoch  x1       x2      Yd      w1      w2      Y       e       w1      w2
____________________________________________________________________________
3       0       0       0       0.3     0.4     0       0.0     0.3     0.4
        0       1       1       0.3     0.4     0       1.0     0.3     0.5
        1       0       1       0.3     0.5     0       1.0     0.4     0.5
        1       1       1       0.4     0.5     0       1.0     0.5     0.6
____________________________________________________________________________
Epoch  x1       x2      Yd      w1      w2      Y       e       w1      w2
____________________________________________________________________________
4       0       0       0       0.5     0.6     0       0.0     0.5     0.6
        0       1       1       0.5     0.6     0       1.0     0.5     0.7
        1       0       1       0.5     0.7     0       1.0     0.6     0.7
        1       1       1       0.6     0.7     0       1.0     0.7     0.8
____________________________________________________________________________
Epoch  x1       x2      Yd      w1      w2      Y       e       w1      w2
____________________________________________________________________________
5       0       0       0       0.7     0.8     0       0.0     0.7     0.8
        0       1       1       0.7     0.8     0       1.0     0.7     0.9
        1       0       1       0.7     0.9     0       1.0     0.8     0.9
        1       1       1       0.8     0.9     0       1.0     0.9     1
____________________________________________________________________________
Epoch  x1       x2      Yd      w1      w2      Y       e       w1      w2
____________________________________________________________________________
6       0       0       0       0.9     1       0       0.0     0.9     1
        0       1       1       0.9     1       0       1.0     0.9     1.1
        1       0       1       0.9     1.1     0       1.0     1       1.1
        1       1       1       1       1.1     0       1.0     1.1     1.2
____________________________________________________________________________
Epoch  x1       x2      Yd      w1      w2      Y       e       w1      w2
____________________________________________________________________________
7       0       0       0       1.1     1.2     0       0.0     1.1     1.2
        0       1       1       1.1     1.2     0       1.0     1.1     1.3
        1       0       1       1.1     1.3     0       1.0     1.2     1.3
        1       1       1       1.2     1.3     1       0.0     1.2     1.3
____________________________________________________________________________
Epoch  x1       x2      Yd      w1      w2      Y       e       w1      w2
____________________________________________________________________________
8       0       0       0       1.2     1.3     0       0.0     1.2     1.3
        0       1       1       1.2     1.3     0       1.0     1.2     1.4
        1       0       1       1.2     1.4     0       1.0     1.3     1.4
        1       1       1       1.3     1.4     1       0.0     1.3     1.4
____________________________________________________________________________
Epoch  x1       x2      Yd      w1      w2      Y       e       w1      w2
____________________________________________________________________________
9       0       0       0       1.3     1.4     0       0.0     1.3     1.4
        0       1       1       1.3     1.4     0       1.0     1.3     1.5
        1       0       1       1.3     1.5     0       1.0     1.4     1.5
        1       1       1       1.4     1.5     1       0.0     1.4     1.5
____________________________________________________________________________
Epoch  x1       x2      Yd      w1      w2      Y       e       w1      w2
____________________________________________________________________________
10      0       0       0       1.4     1.5     0       0.0     1.4     1.5
        0       1       1       1.4     1.5     0       1.0     1.4     1.6
        1       0       1       1.4     1.6     0       1.0     1.5     1.6
        1       1       1       1.5     1.6     1       0.0     1.5     1.6
____________________________________________________________________________
Epoch  x1       x2      Yd      w1      w2      Y       e       w1      w2
____________________________________________________________________________
11      0       0       0       1.5     1.6     0       0.0     1.5     1.6
        0       1       1       1.5     1.6     0       1.0     1.5     1.7
        1       0       1       1.5     1.7     0       1.0     1.6     1.7
        1       1       1       1.6     1.7     1       0.0     1.6     1.7
____________________________________________________________________________
Epoch  x1       x2      Yd      w1      w2      Y       e       w1      w2
____________________________________________________________________________
12      0       0       0       1.6     1.7     0       0.0     1.6     1.7
        0       1       1       1.6     1.7     0       1.0     1.6     1.8
        1       0       1       1.6     1.8     0       1.0     1.7     1.8
        1       1       1       1.7     1.8     1       0.0     1.7     1.8
____________________________________________________________________________
Epoch  x1       x2      Yd      w1      w2      Y       e       w1      w2
____________________________________________________________________________
13      0       0       0       1.7     1.8     0       0.0     1.7     1.8
        0       1       1       1.7     1.8     0       1.0     1.7     1.9
        1       0       1       1.7     1.9     0       1.0     1.8     1.9
        1       1       1       1.8     1.9     1       0.0     1.8     1.9
____________________________________________________________________________
Epoch  x1       x2      Yd      w1      w2      Y       e       w1      w2
____________________________________________________________________________
14      0       0       0       1.8     1.9     0       0.0     1.8     1.9
        0       1       1       1.8     1.9     0       1.0     1.8     2
        1       0       1       1.8     2       0       1.0     1.9     2
        1       1       1       1.9     2       1       0.0     1.9     2
____________________________________________________________________________
Epoch  x1       x2      Yd      w1      w2      Y       e       w1      w2
____________________________________________________________________________
15      0       0       0       1.9     2       0       0.0     1.9     2
        0       1       1       1.9     2       0       1.0     1.9     2.1
        1       0       1       1.9     2.1     0       1.0     2       2.1
        1       1       1       2       2.1     1       0.0     2       2.1
____________________________________________________________________________
Epoch  x1       x2      Yd      w1      w2      Y       e       w1      w2
____________________________________________________________________________
16      0       0       0       2       2.1     0       0.0     2       2.1
        0       1       1       2       2.1     0       1.0     2       2.2
        1       0       1       2       2.2     0       1.0     2.1     2.2
        1       1       1       2.1     2.2     1       0.0     2.1     2.2
____________________________________________________________________________
Epoch  x1       x2      Yd      w1      w2      Y       e       w1      w2
____________________________________________________________________________
17      0       0       0       2.1     2.2     0       0.0     2.1     2.2
        0       1       1       2.1     2.2     0       1.0     2.1     2.3
        1       0       1       2.1     2.3     0       1.0     2.2     2.3
        1       1       1       2.2     2.3     1       0.0     2.2     2.3
____________________________________________________________________________
Epoch  x1       x2      Yd      w1      w2      Y       e       w1      w2
____________________________________________________________________________
18      0       0       0       2.2     2.3     0       0.0     2.2     2.3
        0       1       1       2.2     2.3     0       1.0     2.2     2.4
        1       0       1       2.2     2.4     0       1.0     2.3     2.4
        1       1       1       2.3     2.4     1       0.0     2.3     2.4
____________________________________________________________________________
Epoch  x1       x2      Yd      w1      w2      Y       e       w1      w2
____________________________________________________________________________
19      0       0       0       2.3     2.4     0       0.0     2.3     2.4
        0       1       1       2.3     2.4     1       0.0     2.3     2.4
        1       0       1       2.3     2.4     0       1.0     2.4     2.4
        1       1       1       2.4     2.4     1       0.0     2.4     2.4
____________________________________________________________________________
Epoch  x1       x2      Yd      w1      w2      Y       e       w1      w2
____________________________________________________________________________
20      0       0       0       2.4     2.4     0       0.0     2.4     2.4
        0       1       1       2.4     2.4     1       0.0     2.4     2.4
        1       0       1       2.4     2.4     0       1.0     2.5     2.4
        1       1       1       2.5     2.4     1       0.0     2.5     2.4
____________________________________________________________________________
Epoch  x1       x2      Yd      w1      w2      Y       e       w1      w2
____________________________________________________________________________
21      0       0       0       2.5     2.4     0       0.0     2.5     2.4
        0       1       1       2.5     2.4     1       0.0     2.5     2.4
        1       0       1       2.5     2.4     1       0.0     2.5     2.4
        1       1       1       2.5     2.4     1       0.0     2.5     2.4
____________________________________________________________________________


AND results: 

Epoch  x1       x2      Yd      w1      w2      Y       e       w1      w2
____________________________________________________________________________
1       0       0       0       0       -0.2    0       0.0     0       -0.2
        0       1       0       0       -0.2    0       0.0     0       -0.2
        1       0       0       0       -0.2    0       0.0     0       -0.2
        1       1       1       0       -0.2    0       1.0     0.1     -0.1
____________________________________________________________________________
Epoch  x1       x2      Yd      w1      w2      Y       e       w1      w2
____________________________________________________________________________
2       0       0       0       0.1     -0.1    0       0.0     0.1     -0.1
        0       1       0       0.1     -0.1    0       0.0     0.1     -0.1
        1       0       0       0.1     -0.1    0       0.0     0.1     -0.1
        1       1       1       0.1     -0.1    0       1.0     0.2     -0
____________________________________________________________________________
Epoch  x1       x2      Yd      w1      w2      Y       e       w1      w2
____________________________________________________________________________
3       0       0       0       0.2     -0      0       0.0     0.2     -0
        0       1       0       0.2     -0      0       0.0     0.2     -0
        1       0       0       0.2     -0      0       0.0     0.2     -0
        1       1       1       0.2     -0      0       1.0     0.3     0.1
____________________________________________________________________________
Epoch  x1       x2      Yd      w1      w2      Y       e       w1      w2
____________________________________________________________________________
4       0       0       0       0.3     0.1     0       0.0     0.3     0.1
        0       1       0       0.3     0.1     0       0.0     0.3     0.1
        1       0       0       0.3     0.1     0       0.0     0.3     0.1
        1       1       1       0.3     0.1     0       1.0     0.4     0.2
____________________________________________________________________________
Epoch  x1       x2      Yd      w1      w2      Y       e       w1      w2
____________________________________________________________________________
5       0       0       0       0.4     0.2     0       0.0     0.4     0.2
        0       1       0       0.4     0.2     0       0.0     0.4     0.2
        1       0       0       0.4     0.2     0       0.0     0.4     0.2
        1       1       1       0.4     0.2     0       1.0     0.5     0.3
____________________________________________________________________________
Epoch  x1       x2      Yd      w1      w2      Y       e       w1      w2
____________________________________________________________________________
6       0       0       0       0.5     0.3     0       0.0     0.5     0.3
        0       1       0       0.5     0.3     0       0.0     0.5     0.3
        1       0       0       0.5     0.3     0       0.0     0.5     0.3
        1       1       1       0.5     0.3     0       1.0     0.6     0.4
____________________________________________________________________________
Epoch  x1       x2      Yd      w1      w2      Y       e       w1      w2
____________________________________________________________________________
7       0       0       0       0.6     0.4     0       0.0     0.6     0.4
        0       1       0       0.6     0.4     0       0.0     0.6     0.4
        1       0       0       0.6     0.4     0       0.0     0.6     0.4
        1       1       1       0.6     0.4     0       1.0     0.7     0.5
____________________________________________________________________________
Epoch  x1       x2      Yd      w1      w2      Y       e       w1      w2
____________________________________________________________________________
8       0       0       0       0.7     0.5     0       0.0     0.7     0.5
        0       1       0       0.7     0.5     0       0.0     0.7     0.5
        1       0       0       0.7     0.5     0       0.0     0.7     0.5
        1       1       1       0.7     0.5     0       1.0     0.8     0.6
____________________________________________________________________________
Epoch  x1       x2      Yd      w1      w2      Y       e       w1      w2
____________________________________________________________________________
9       0       0       0       0.8     0.6     0       0.0     0.8     0.6
        0       1       0       0.8     0.6     0       0.0     0.8     0.6
        1       0       0       0.8     0.6     0       0.0     0.8     0.6
        1       1       1       0.8     0.6     0       1.0     0.9     0.7
____________________________________________________________________________
Epoch  x1       x2      Yd      w1      w2      Y       e       w1      w2
____________________________________________________________________________
10      0       0       0       0.9     0.7     0       0.0     0.9     0.7
        0       1       0       0.9     0.7     0       0.0     0.9     0.7
        1       0       0       0.9     0.7     0       0.0     0.9     0.7
        1       1       1       0.9     0.7     0       1.0     1       0.8
____________________________________________________________________________
Epoch  x1       x2      Yd      w1      w2      Y       e       w1      w2
____________________________________________________________________________
11      0       0       0       1       0.8     0       0.0     1       0.8
        0       1       0       1       0.8     0       0.0     1       0.8
        1       0       0       1       0.8     0       0.0     1       0.8
        1       1       1       1       0.8     0       1.0     1.1     0.9
____________________________________________________________________________
Epoch  x1       x2      Yd      w1      w2      Y       e       w1      w2
____________________________________________________________________________
12      0       0       0       1.1     0.9     0       0.0     1.1     0.9
        0       1       0       1.1     0.9     0       0.0     1.1     0.9
        1       0       0       1.1     0.9     0       0.0     1.1     0.9
        1       1       1       1.1     0.9     0       1.0     1.2     1
____________________________________________________________________________
Epoch  x1       x2      Yd      w1      w2      Y       e       w1      w2
____________________________________________________________________________
13      0       0       0       1.2     1       0       0.0     1.2     1
        0       1       0       1.2     1       0       0.0     1.2     1
        1       0       0       1.2     1       0       0.0     1.2     1
        1       1       1       1.2     1       0       1.0     1.3     1.1
____________________________________________________________________________
Epoch  x1       x2      Yd      w1      w2      Y       e       w1      w2
____________________________________________________________________________
14      0       0       0       1.3     1.1     0       0.0     1.3     1.1
        0       1       0       1.3     1.1     0       0.0     1.3     1.1
        1       0       0       1.3     1.1     0       0.0     1.3     1.1
        1       1       1       1.3     1.1     1       0.0     1.3     1.1
____________________________________________________________________________
